10 -0.9999999999999999 -1.4901161193847656e-08
10 -0.9999999999999999 1.4901161193847656e-08
10 -0.8999999999999999 0.43588989435406755
10 -0.7999999999999999 0.6000000000000001
10 -0.7 0.714142842854285
10 -0.6 0.8
10 -0.5 0.8660254037844386
10 -0.4 0.916515138991168
10 -0.30000000000000004 0.9539392014169457
10 -0.2 0.9797958971132712
10 -0.1 0.99498743710662
10 0.1 0.99498743710662
10 0.2 0.9797958971132712
10 0.30000000000000004 0.9539392014169457
10 0.4 0.916515138991168
10 0.5 0.8660254037844386
10 0.6 0.8
10 0.7 0.714142842854285
10 0.7999999999999999 0.6000000000000001
10 0.8999999999999999 0.43588989435406755
10 0.9999999999999999 1.4901161193847656e-08
10 0.9999999999999999 -1.4901161193847656e-08
10 0.8999999999999999 -0.43588989435406755
10 0.7999999999999999 -0.6000000000000001
10 0.7 -0.714142842854285
10 0.6 -0.8
10 0.5 -0.8660254037844386
10 0.4 -0.916515138991168
10 0.30000000000000004 -0.9539392014169457
10 0.2 -0.9797958971132712
10 0.1 -0.99498743710662
10 -0.1 -0.99498743710662
10 -0.2 -0.9797958971132712
10 -0.30000000000000004 -0.9539392014169457
10 -0.4 -0.916515138991168
10 -0.5 -0.8660254037844386
10 -0.6 -0.8
10 -0.7 -0.714142842854285
10 -0.7999999999999999 -0.6000000000000001
10 -0.8999999999999999 -0.43588989435406755
10 -0.9999999999999999 -1.4901161193847656e-08
9 -1.8 0.8717797887081346
9 -1.5 1.3228756555322954
9 -1.2 1.6
9 -0.8999999999999999 1.7860571099491753
9 -0.6 1.9078784028338913
9 -0.3 1.977371993328519
9 0.3 1.977371993328519
9 0.6 1.9078784028338913
9 0.8999999999999999 1.7860571099491753
9 1.2 1.6
9 1.5 1.3228756555322954
9 1.8 0.8717797887081346
9 1.8 -0.8717797887081346
9 1.5 -1.3228756555322954
9 1.2 -1.6
9 0.8999999999999999 -1.7860571099491753
9 0.6 -1.9078784028338913
9 0.3 -1.977371993328519
9 -0.3 -1.977371993328519
9 -0.6 -1.9078784028338913
9 -0.8999999999999999 -1.7860571099491753
9 -1.2 -1.6
9 -1.5 -1.3228756555322954
9 -1.8 -0.8717797887081346
9 -1.8 0.8717797887081346
8 -2.8000000000000003 1.0770329614269
8 -2.6 1.4966629547095762
8 -2.4 1.8
8 -2.1999999999999997 2.039607805437114
8 -1.9999999999999998 2.23606797749979
8 -1.7999999999999998 2.4000000000000004
8 -1.5999999999999999 2.5377155080899043
8 -1.4 2.6532998322843198
8 -1.2 2.749545416973504
8 -1 2.8284271247461903
8 -0.8 2.891366458960192
8 -0.6000000000000001 2.939387691339814
8 -0.4 2.973213749463701
8 -0.2 2.9933259094191533
8 0.2 2.9933259094191533
8 0.4 2.973213749463701
8 0.6000000000000001 2.939387691339814
8 0.8 2.891366458960192
8 1 2.8284271247461903
8 1.2 2.749545416973504
8 1.4 2.6532998322843198
8 1.5999999999999999 2.5377155080899043
8 1.7999999999999998 2.4000000000000004
8 1.9999999999999998 2.23606797749979
8 2.1999999999999997 2.039607805437114
8 2.4 1.8
8 2.6 1.4966629547095762
8 2.8000000000000003 1.0770329614269
8 2.8000000000000003 -1.0770329614269
8 2.6 -1.4966629547095762
8 2.4 -1.8
8 2.1999999999999997 -2.039607805437114
8 1.9999999999999998 -2.23606797749979
8 1.7999999999999998 -2.4000000000000004
8 1.5999999999999999 -2.5377155080899043
8 1.4 -2.6532998322843198
8 1.2 -2.749545416973504
8 1 -2.8284271247461903
8 0.8 -2.891366458960192
8 0.6000000000000001 -2.939387691339814
8 0.4 -2.973213749463701
8 0.2 -2.9933259094191533
8 -0.2 -2.9933259094191533
8 -0.4 -2.973213749463701
8 -0.6000000000000001 -2.939387691339814
8 -0.8 -2.891366458960192
8 -1 -2.8284271247461903
8 -1.2 -2.749545416973504
8 -1.4 -2.6532998322843198
8 -1.5999999999999999 -2.5377155080899043
8 -1.7999999999999998 -2.4000000000000004
8 -1.9999999999999998 -2.23606797749979
8 -2.1999999999999997 -2.039607805437114
8 -2.4 -1.8
8 -2.6 -1.4966629547095762
8 -2.8000000000000003 -1.0770329614269
8 -2.8000000000000003 1.0770329614269
7 -3.8999999999999986 0.8888194417315654
7 -3.7499999999999987 1.3919410907075094
7 -3.5999999999999988 1.7435595774162722
7 -3.449999999999999 2.024228247999718
7 -3.299999999999999 2.2605309110914646
7 -3.149999999999999 2.4652586071242113
7 -2.999999999999999 2.6457513110645916
7 -2.849999999999999 2.8066884401372385
7 -2.6999999999999993 2.951270912674742
7 -2.5499999999999994 3.0818014212469955
7 -2.3999999999999995 3.2
7 -2.2499999999999996 3.3071891388307386
7 -2.0999999999999996 3.4044089061098406
7 -1.9499999999999995 3.4924919470200644
7 -1.7999999999999996 3.5721142198983507
7 -1.6499999999999997 3.6438304022004098
7 -1.4999999999999998 3.7080992435478315
7 -1.3499999999999999 3.76530211271287
7 -1.2 3.8157568056677826
7 -1.05 3.8597279696890556
7 -0.9 3.8974350539810154
7 -0.75 3.929058411375428
7 -0.6 3.954743986657038
7 -0.44999999999999996 3.97460689880144
7 -0.3 3.988734135035826
7 -0.15 3.9971865105346285
7 0.15 3.9971865105346285
7 0.3 3.988734135035826
7 0.44999999999999996 3.97460689880144
7 0.6 3.954743986657038
7 0.75 3.929058411375428
7 0.9 3.8974350539810154
7 1.05 3.8597279696890556
7 1.2 3.8157568056677826
7 1.3499999999999999 3.76530211271287
7 1.4999999999999998 3.7080992435478315
7 1.6499999999999997 3.6438304022004098
7 1.7999999999999996 3.5721142198983507
7 1.9499999999999995 3.4924919470200644
7 2.0999999999999996 3.4044089061098406
7 2.2499999999999996 3.3071891388307386
7 2.3999999999999995 3.2
7 2.5499999999999994 3.0818014212469955
7 2.6999999999999993 2.951270912674742
7 2.849999999999999 2.8066884401372385
7 2.999999999999999 2.6457513110645916
7 3.149999999999999 2.4652586071242113
7 3.299999999999999 2.2605309110914646
7 3.449999999999999 2.024228247999718
7 3.5999999999999988 1.7435595774162722
7 3.7499999999999987 1.3919410907075094
7 3.8999999999999986 0.8888194417315654
7 3.8999999999999986 -0.8888194417315654
7 3.7499999999999987 -1.3919410907075094
7 3.5999999999999988 -1.7435595774162722
7 3.449999999999999 -2.024228247999718
7 3.299999999999999 -2.2605309110914646
7 3.149999999999999 -2.4652586071242113
7 2.999999999999999 -2.6457513110645916
7 2.849999999999999 -2.8066884401372385
7 2.6999999999999993 -2.951270912674742
7 2.5499999999999994 -3.0818014212469955
7 2.3999999999999995 -3.2
7 2.2499999999999996 -3.3071891388307386
7 2.0999999999999996 -3.4044089061098406
7 1.9499999999999995 -3.4924919470200644
7 1.7999999999999996 -3.5721142198983507
7 1.6499999999999997 -3.6438304022004098
7 1.4999999999999998 -3.7080992435478315
7 1.3499999999999999 -3.76530211271287
7 1.2 -3.8157568056677826
7 1.05 -3.8597279696890556
7 0.9 -3.8974350539810154
7 0.75 -3.929058411375428
7 0.6 -3.954743986657038
7 0.44999999999999996 -3.97460689880144
7 0.3 -3.988734135035826
7 0.15 -3.9971865105346285
7 -0.15 -3.9971865105346285
7 -0.3 -3.988734135035826
7 -0.44999999999999996 -3.97460689880144
7 -0.6 -3.954743986657038
7 -0.75 -3.929058411375428
7 -0.9 -3.8974350539810154
7 -1.05 -3.8597279696890556
7 -1.2 -3.8157568056677826
7 -1.3499999999999999 -3.76530211271287
7 -1.4999999999999998 -3.7080992435478315
7 -1.6499999999999997 -3.6438304022004098
7 -1.7999999999999996 -3.5721142198983507
7 -1.9499999999999995 -3.4924919470200644
7 -2.0999999999999996 -3.4044089061098406
7 -2.2499999999999996 -3.3071891388307386
7 -2.3999999999999995 -3.2
7 -2.5499999999999994 -3.0818014212469955
7 -2.6999999999999993 -2.951270912674742
7 -2.849999999999999 -2.8066884401372385
7 -2.999999999999999 -2.6457513110645916
7 -3.149999999999999 -2.4652586071242113
7 -3.299999999999999 -2.2605309110914646
7 -3.449999999999999 -2.024228247999718
7 -3.5999999999999988 -1.7435595774162722
7 -3.7499999999999987 -1.3919410907075094
7 -3.8999999999999986 -0.8888194417315654
7 -3.8999999999999986 0.8888194417315654